-449 -378 -413.08 -347.76
-460 -386 -423.2 -355.12
-460 -476 -423.2 -437.92
-455 -539 -418.6 -495.88
-422 -647 -388.24 -595.24
-388 -701 -356.96 -644.92
-407 -679 -374.44 -624.68
-438 -632 -402.96 -581.44
-449 -613 -413.08 -563.96
-444 -605 -408.48 -556.6
-440 -606 -404.8 -557.52
-351 -720 -322.92 -662.4
-131 -848 -120.52 -780.16
-128 -850 -117.76 -782.0
-153 -835 -140.76 -768.2
-176 -824 -161.92 -758.08
-234 -793 -215.28 -729.56
-232 -800 -213.44 -736.0
-255 -776 -234.6 -713.92
-288 -741 -264.96 -681.72
-279 -744 -256.68 -684.48
-301 -746 -276.92 -686.32
-334 -704 -307.28 -647.68
-419 -532 -385.48 -489.44
-417 -326 -383.64 -299.92
-380 -223 -349.6 -205.16
-239 -69 -219.88 -63.48
-171 -1 -157.32 -0.92
-210 -2 -193.2 -1.84
-328 -35 -301.76 -32.2
-214 -18 -196.88 -16.56
9 17 8.28 15.64
30 13 27.6 11.96
150 -4 138.0 -3.68
237 -75 218.04 -69.0
382 -140 351.44 -128.8
426 -196 391.92 -180.32
394 -167 362.48 -153.64
365 -145 335.8 -133.4
349 -176 321.08 -161.92
345 -284 317.4 -261.28
300 -304 276.0 -279.68
216 -336 198.72 -309.12
204 -388 187.68 -356.96
207 -391 190.44 -359.72
229 -488 210.68 -448.96
178 -582 163.76 -535.44
129 -658 118.68 -605.36
-8 -769 -7.36 -707.48
-142 -789 -130.64 -725.88
-230 -735 -211.6 -676.2
-218 -757 -200.56 -696.44
-112 -815 -103.04 -749.8
53 -766 48.76 -704.72
141 -724 129.72 -666.08
271 -668 249.32 -614.56
357 -580 328.44 -533.6
378 -534 347.76 -491.28
378 -454 347.76 -417.68
379 -387 348.68 -356.04
250 -222 230.0 -204.24
5 -88 4.6 -80.96
-158 -87 -145.36 -80.04
-143 65 -131.56 59.8
-170 61 -156.4 56.12
-199 77 -183.08 70.84
-209 62 -192.28 57.04
-207 59 -190.44 54.28
-205 35 -188.6 32.2
-203 11 -186.76 10.12
-288 -49 -264.96 -45.08
-453 -291 -416.76 -267.72
-473 -428 -435.16 -393.76
-410 -638 -377.2 -586.96
-362 -703 -333.04 -646.76
-314 -758 -288.88 -697.36
-440 -563 -404.8 -517.96
-459 -396 -422.28 -364.32
-319 -99 -293.48 -91.08
-218 -12 -200.56 -11.04
-18 32 -16.56 29.44
-112 86 -103.04 79.12
-95 75 -87.4 69.0
112 56 103.04 51.52
402 -201 369.84 -184.92
445 -340 409.4 -312.8
360 -640 331.2 -588.8
299 -710 275.08 -653.2
192 -818 176.64 -752.56
101 -843 92.92 -775.56
49 -849 45.08 -781.08
-140 -837 -128.8 -770.04
-269 -721 -247.48 -663.32
-346 -591 -318.32 -543.72
-322 -647 -296.24 -595.24
-171 -798 -157.32 -734.16
145 -803 133.4 -738.76
236 -731 217.12 -672.52
300 -606 276.0 -557.52
340 -368 312.8 -338.56
316 -270 290.72 -248.4
104 -63 95.68 -57.96
-125 21 -115.0 19.32
-219 16 -201.48 14.72
-286 1 -263.12 0.92
-305 -3 -280.6 -2.76
-324 -15 -298.08 -13.8
-394 -112 -362.48 -103.04
-453 -514 -416.76 -472.88
-341 -737 -313.72 -678.04
-296 -780 -272.32 -717.6
-331 -743 -304.52 -683.56
-350 -722 -322.0 -664.24
-456 -542 -419.52 -498.64
-376 -120 -345.92 -110.4
-246 -11 -226.32 -10.12
-102 16 -93.84 14.72
-86 25 -79.12 23.0
123 -14 113.16 -12.88
336 -195 309.12 -179.4
386 -353 355.12 -324.76
345 -628 317.4 -577.76
169 -820 155.48 -754.4
114 -846 104.88 -778.32
-49 -855 -45.08 -786.6
-197 -821 -181.24 -755.32
-393 -634 -361.56 -583.28
-425 -552 -391.0 -507.84
-403 -606 -370.76 -557.52
-196 -816 -180.32 -750.72
-119 -845 -109.48 -777.4
2 -857 1.84 -788.44
135 -827 124.2 -760.84
118 -837 108.56 -770.04
216 -799 198.72 -735.08
298 -715 274.16 -657.8
373 -487 343.16 -448.04
221 -207 203.32 -190.44
121 -103 111.32 -94.76
-111 -36 -102.12 -33.12
-152 -30 -139.84 -27.6
-210 -32 -193.2 -29.44
-254 -54 -233.68 -49.68
-319 -114 -293.48 -104.88
-431 -318 -396.52 -292.56
-442 -456 -406.64 -419.52
-398 -630 -366.16 -579.6
-337 -733 -310.04 -674.36
-344 -727 -316.48 -668.84
-365 -694 -335.8 -638.48
-389 -661 -357.88 -608.12
-446 -475 -410.32 -437.0
-417 -274 -383.64 -252.08
-376 -193 -345.92 -177.56
-297 -87 -273.24 -80.04
-194 -21 -178.48 -19.32
-101 14 -92.92 12.88
108 6 99.36 5.52
197 -39 181.24 -35.88
336 -197 309.12 -181.24
389 -329 357.88 -302.68
409 -393 376.28 -361.56
425 -488 391.0 -448.96
416 -546 382.72 -502.32
378 -634 347.76 -583.28
309 -728 284.28 -669.76
275 -759 253.0 -698.28
207 -795 190.44 -731.4
151 -823 138.92 -757.16
44 -850 40.48 -782.0
-134 -841 -123.28 -773.72
-218 -807 -200.56 -742.44
-358 -677 -329.36 -622.84
-402 -606 -369.84 -557.52
-432 -518 -397.44 -476.56
-427 -539 -392.84 -495.88
-419 -571 -385.48 -525.32
-342 -698 -314.64 -642.16
-291 -752 -267.72 -691.84
-179 -827 -164.68 -760.84
-56 -862 -51.52 -793.04
-4 -859 -3.68 -790.28
149 -812 137.08 -747.04
167 -793 153.64 -729.56
201 -782 184.92 -719.44
283 -670 260.36 -616.4
312 -589 287.04 -541.88
299 -425 275.08 -391.0
251 -257 230.92 -236.44
218 -171 200.56 -157.32
123 -38 113.16 -34.96
-5 17 -4.6 15.64
-46 37 -42.32 34.04
-130 39 -119.6 35.88
-169 39 -155.48 35.88
-240 20 -220.8 18.4
-290 -17 -266.8 -15.64
-347 -84 -319.24 -77.28
-437 -212 -402.04 -195.04
-484 -296 -445.28 -272.32
-499 -350 -459.08 -322.0
-503 -383 -462.76 -352.36
-463 -558 -425.96 -513.36
-355 -742 -326.6 -682.64
-278 -816 -255.76 -750.72
-208 -863 -191.36 -793.96
-260 -831 -239.2 -764.52
-364 -741 -334.88 -681.72
-449 -591 -413.08 -543.72
-475 -450 -437.0 -414.0
-438 -250 -402.96 -230.0
-389 -156 -357.88 -143.52
-299 -41 -275.08 -37.72
-174 46 -160.08 42.32
-94 59 -86.48 54.28
22 53 20.24 48.76
218 -28 200.56 -25.76
292 -80 268.64 -73.6
404 -240 371.68 -220.8
429 -339 394.68 -311.88
429 -463 394.68 -425.96
380 -601 349.6 -552.92
363 -647 333.96 -595.24
273 -758 251.16 -697.36
238 -787 218.96 -724.04
165 -815 151.8 -749.8
45 -844 41.4 -776.48
2 -850 1.84 -782.0
-112 -843 -103.04 -775.56
-173 -826 -159.16 -759.92
-297 -754 -273.24 -693.68
-377 -662 -346.84 -609.04
-407 -608 -374.44 -559.36
-420 -589 -386.4 -541.88
-395 -644 -363.4 -592.48
-217 -813 -199.64 -747.96
16 -857 14.72 -788.44
48 -854 44.16 -785.68
131 -838 120.52 -770.96
157 -834 144.44 -767.28
210 -802 193.2 -737.84
349 -598 321.08 -550.16
349 -475 321.08 -437.0
269 -265 247.48 -243.8
226 -204 207.92 -187.68
90 -68 82.8 -62.56
-19 -37 -17.48 -34.04
-74 -25 -68.08 -23.0
-120 -12 -110.4 -11.04
-183 -18 -168.36 -16.56
-256 -55 -235.52 -50.6
-416 -200 -382.72 -184.0
-460 -283 -423.2 -260.36
-494 -365 -454.48 -335.8
-474 -562 -436.08 -517.04
-441 -634 -405.72 -583.28
-381 -719 -350.52 -661.48
-351 -754 -322.92 -693.68
-334 -771 -307.28 -709.32
-321 -776 -295.32 -713.92
-347 -742 -319.24 -682.64
-460 -442 -423.2 -406.64
-433 -225 -398.36 -207.0
-361 -73 -332.12 -67.16
-153 9 -140.76 8.28
-139 10 -127.88 9.2
-49 1 -45.08 0.92
77 -16 70.84 -14.72
344 -139 316.48 -127.88
428 -280 393.76 -257.6
456 -370 419.52 -340.4
451 -520 414.92 -478.4
374 -693 344.08 -637.56
147 -857 135.24 -788.44
34 -878 31.28 -807.76
12 -876 11.04 -805.92
-50 -861 -46.0 -792.12
-87 -845 -80.04 -777.4
-261 -760 -240.12 -699.2
-376 -651 -345.92 -598.92
-395 -607 -363.4 -558.44
-417 -569 -383.64 -523.48
-405 -617 -372.6 -567.64
-316 -734 -290.72 -675.28
-142 -831 -130.64 -764.52
-80 -841 -73.6 -773.72
83 -839 76.36 -771.88
168 -830 154.56 -763.6
181 -829 166.52 -762.68
317 -688 291.64 -632.96
354 -558 325.68 -513.36
362 -342 333.04 -314.64
293 -158 269.56 -145.36
201 -71 184.92 -65.32
-22 56 -20.24 51.52
-162 37 -149.04 34.04
-249 17 -229.08 15.64
-357 -109 -328.44 -100.28
-398 -196 -366.16 -180.32
-450 -421 -414.0 -387.32
-427 -590 -392.84 -542.8
-325 -766 -299.0 -704.72
-302 -787 -277.84 -724.04
-314 -780 -288.88 -717.6
-331 -779 -304.52 -716.68
-350 -766 -322.0 -704.72
-460 -602 -423.2 -553.84
-481 -342 -442.52 -314.64
-352 -90 -323.84 -82.8
-132 5 -121.44 4.6
-113 20 -103.96 18.4
-88 44 -80.96 40.48
3 17 2.76 15.64
95 -1 87.4 -0.92
281 -117 258.52 -107.64
327 -176 300.84 -161.92
401 -329 368.92 -302.68
407 -544 374.44 -500.48
357 -659 328.44 -606.28
160 -834 147.2 -767.28
74 -869 68.08 -799.48
17 -875 15.64 -805.0
-174 -824 -160.08 -758.08
-247 -783 -227.24 -720.36
-363 -679 -333.96 -624.68
-421 -616 -387.32 -566.72
-442 -580 -406.64 -533.6
-446 -531 -410.32 -488.52
-438 -522 -402.96 -480.24
-405 -623 -372.6 -573.16
-291 -767 -267.72 -705.64
-218 -820 -200.56 -754.4
-18 -868 -16.56 -798.56
42 -863 38.64 -793.96
163 -825 149.96 -759.0
192 -809 176.64 -744.28
261 -744 240.12 -684.48
325 -611 299.0 -562.12
333 -560 306.36 -515.2
339 -389 311.88 -357.88
301 -239 276.92 -219.88
294 -183 270.48 -168.36
191 -16 175.72 -14.72
162 2 149.04 1.84
79 33 72.68 30.36
-139 26 -127.88 23.92
-194 9 -178.48 8.28
-279 -44 -256.68 -40.48
-317 -76 -291.64 -69.92
-427 -228 -392.84 -209.76
-483 -451 -444.36 -414.92
-477 -519 -438.84 -477.48
-437 -639 -402.04 -587.88
-347 -750 -319.24 -690.0
-343 -750 -315.56 -690.0
-329 -762 -302.68 -701.04
-332 -762 -305.44 -701.04
-381 -699 -350.52 -643.08
-455 -543 -418.6 -499.56
-469 -427 -431.48 -392.84
-413 -207 -379.96 -190.44
-337 -99 -310.04 -91.08
-170 35 -156.4 32.2
-79 29 -72.68 26.68
-62 21 -57.04 19.32
156 -27 143.52 -24.84
256 -87 235.52 -80.04
332 -164 305.44 -150.88
391 -264 359.72 -242.88
410 -333 377.2 -306.36
423 -471 389.16 -433.32
346 -678 318.32 -623.76
304 -755 279.68 -694.6
182 -847 167.44 -779.24
102 -876 93.84 -805.92
-93 -865 -85.56 -795.8
-174 -835 -160.08 -768.2
-266 -778 -244.72 -715.76
-342 -713 -314.64 -655.96
-377 -678 -346.84 -623.76
-429 -605 -394.68 -556.6
-442 -570 -406.64 -524.4
-445 -545 -409.4 -501.4
-378 -680 -347.76 -625.6
-287 -776 -264.04 -713.92
-103 -862 -94.76 -793.04
18 -870 16.56 -800.4
90 -850 82.8 -782.0
136 -833 125.12 -766.36
179 -805 164.68 -740.6
327 -602 300.84 -553.84
355 -368 326.6 -338.56
328 -297 301.76 -273.24
255 -139 234.6 -127.88
195 -81 179.4 -74.52
87 -34 80.04 -31.28
-50 11 -46.0 10.12
-113 10 -103.96 9.2
-182 13 -167.44 11.96
-212 1 -195.04 0.92
-324 -106 -298.08 -97.52
-446 -305 -410.32 -280.6
-476 -421 -437.92 -387.32
-472 -544 -434.24 -500.48
-436 -625 -401.12 -575.0
-278 -816 -255.76 -750.72
-262 -823 -241.04 -757.16
-260 -828 -239.2 -761.76
-244 -839 -224.48 -771.88
-245 -839 -225.4 -771.88
-333 -754 -306.36 -693.68
-433 -531 -398.36 -488.52
-439 -441 -403.88 -405.72
-404 -245 -371.68 -225.4
-305 -113 -280.6 -103.96
-220 -49 -202.4 -45.08
0 6 0.0 5.52
108 -15 99.36 -13.8
302 -139 277.84 -127.88
396 -250 364.32 -230.0
425 -311 391.0 -286.12
435 -439 400.2 -403.88
407 -569 374.44 -523.48
242 -791 222.64 -727.72
135 -833 124.2 -766.36
77 -855 70.84 -786.6
35 -852 32.2 -783.84
6 -841 5.52 -773.72
-144 -818 -132.48 -752.56
-264 -759 -242.88 -698.28
-293 -751 -269.56 -690.92
-342 -724 -314.64 -666.08
-376 -678 -345.92 -623.76
-412 -616 -379.04 -566.72
-417 -596 -383.64 -548.32
-404 -631 -371.68 -580.52
-267 -796 -245.64 -732.32
-162 -854 -149.04 -785.68
55 -871 50.6 -801.32
134 -845 123.28 -777.4
145 -840 133.4 -772.8
248 -747 228.16 -687.24
312 -627 287.04 -576.84
309 -394 284.28 -362.48
243 -211 223.56 -194.12
190 -130 174.8 -119.6
32 -3 29.44 -2.76
-51 -2 -46.92 -1.84
-106 1 -97.52 0.92
-183 2 -168.36 1.84
-203 -5 -186.76 -4.6
-310 -106 -285.2 -97.52
-465 -361 -427.8 -332.12
-488 -474 -448.96 -436.08
-431 -677 -396.52 -622.84
-349 -772 -321.08 -710.24
-225 -854 -207.0 -785.68
-177 -875 -162.84 -805.0
-158 -885 -145.36 -814.2
-65 -902 -59.8 -829.84
-19 -905 -17.48 -832.6
30 -907 27.6 -834.44
-60 -904 -55.2 -831.68
-90 -894 -82.8 -822.48
-310 -785 -285.2 -722.2
-412 -672 -379.04 -618.24
-389 -671 -357.88 -617.32
-449 -516 -413.08 -474.72
-443 -295 -407.56 -271.4
-361 -75 -332.12 -69.0
-315 -39 -289.8 -35.88
-218 -10 -200.56 -9.2
-58 16 -53.36 14.72
78 -16 71.76 -14.72
274 -129 252.08 -118.68
340 -205 312.8 -188.6
410 -274 377.2 -252.08
444 -365 408.48 -335.8
444 -442 408.48 -406.64
359 -655 330.28 -602.6
224 -790 206.08 -726.8
226 -788 207.92 -724.96
131 -854 120.52 -785.68
51 -872 46.92 -802.24
-132 -846 -121.44 -778.32
-245 -762 -225.4 -701.04
-280 -733 -257.6 -674.36
-333 -667 -306.36 -613.64
-365 -626 -335.8 -575.92
-413 -553 -379.96 -508.76
-433 -423 -398.36 -389.16
-432 -325 -397.44 -299.0
-435 -305 -400.2 -280.6
-443 -340 -407.56 -312.8
-444 -404 -408.48 -371.68
-406 -581 -373.52 -534.52
-314 -726 -288.88 -667.92
-197 -833 -181.24 -766.36
-148 -856 -136.16 -787.52
87 -868 80.04 -798.56
